0,0,0,13.539,13.539
1.681,0,0,13.05,14.027
2.679,0,0,13.05,14.027
3.675,0,0,13.539,14.027
4.667,0,0,13.539,13.539
5.662,0,0,13.05,14.027
6.66,0,0,13.539,14.027
7.66,0,0,13.05,14.027
8.659,0,0,13.05,14.027
9.66,100,0,13.539,14.027
10.661,100,0,13.539,14.027
11.66,100,0,13.539,14.027
12.651,100,0,13.539,14.027
13.648,100,0,13.539,14.027
14.647,100,0,13.539,14.516
15.638,100,0,13.539,14.027
16.631,100,0,13.539,14.027
17.621,100,0,13.539,14.027
18.615,100,0,13.539,14.027
19.609,100,0,14.027,14.027
20.607,100,0,14.027,14.027
21.61,100,0,14.027,13.539
22.604,100,0,14.027,14.027
23.604,100,0,14.027,14.027
24.597,100,0,14.516,14.027
25.718,100,0,14.516,14.516
26.717,100,0,14.516,13.539
27.715,100,0,15.005,14.027
28.711,100,0,15.005,14.027
29.703,100,0,15.005,14.027
30.704,100,0,15.494,14.027
31.71,100,0,15.494,14.027
32.704,100,0,15.982,14.027
33.697,100,0,15.982,14.027
34.694,100,0,16.471,14.027
35.691,100,0,16.471,14.027
36.688,100,0,16.96,14.516
37.681,100,0,16.96,14.516
38.675,100,0,17.449,14.027
39.668,100,0,17.449,14.516
40.664,100,0,17.937,14.027
41.668,100,0,18.426,14.516
42.661,100,0,18.426,14.516
43.661,100,0,18.915,14.516
44.655,100,0,19.404,14.516
45.654,100,0,19.404,14.516
46.653,100,0,19.404,14.516
47.651,100,0,19.892,14.516
48.647,100,0,19.892,14.516
49.646,100,0,20.381,14.516
50.647,100,0,20.381,14.516
51.642,100,0,21.359,15.005
52.637,100,0,21.359,15.005
53.634,100,0,21.359,15.005
54.631,100,0,21.848,14.516
55.627,100,0,21.848,15.005
56.626,100,0,22.825,15.005
57.617,100,0,22.825,15.005
58.611,100,0,22.825,15.005
59.607,100,0,23.314,15.005
60.605,100,0,23.803,15.494
61.606,100,0,24.291,15.494
62.611,100,0,24.291,15.494
63.612,100,0,24.78,15.494
64.607,100,0,25.269,15.982
65.599,100,0,25.758,15.982
66.593,100,0,25.758,15.982
67.592,100,0,26.246,15.982
68.584,100,0,26.735,15.982
69.574,100,0,26.735,15.982
70.571,100,0,26.735,16.471
71.567,100,0,27.224,15.982
72.564,100,0,27.713,16.471
73.563,100,0,28.201,16.471
74.559,100,0,28.69,16.471
75.553,100,0,28.69,16.96
76.552,100,0,29.179,16.96
77.553,100,0,29.668,16.96
78.547,100,0,29.668,16.96
79.543,100,0,30.156,16.96
80.539,100,0,30.156,17.449
81.534,100,0,30.645,17.449
82.53,100,0,31.134,17.449
83.526,100,0,31.623,17.449
84.526,100,0,31.623,17.449
85.529,100,0,32.111,17.937
86.523,100,0,32.6,17.937
87.514,100,0,32.6,17.449
88.512,100,0,33.089,17.937
89.502,100,0,33.578,18.426
90.506,100,0,33.578,18.426
91.498,100,0,34.066,18.426
92.493,100,0,34.555,18.426
93.49,100,0,34.555,19.404
94.492,100,0,35.044,18.915
95.492,100,0,35.533,18.915
96.486,100,0,35.533,19.404
97.48,100,0,36.022,19.404
98.476,100,0,36.022,19.404
99.473,100,50,36.51,19.892
100.47,100,50,36.999,19.892
101.46,100,50,37.488,19.892
102.45,100,50,36.999,20.87
103.44,100,50,38.465,20.87
104.44,100,50,37.977,20.381
105.44,100,50,38.954,21.848
106.45,100,50,38.954,20.87
107.44,100,50,38.954,21.848
108.43,100,50,39.443,20.87
109.43,100,50,39.443,20.381
110.43,100,50,39.932,20.87
111.42,100,50,40.42,20.87
112.42,100,50,40.909,22.825
113.41,100,50,41.398,21.848
114.41,100,50,40.909,21.848
115.4,100,50,41.887,23.314
116.4,100,50,41.887,22.336
117.39,100,50,42.864,23.314
118.38,100,50,42.864,22.336
119.38,100,50,42.864,22.336
120.37,100,50,43.353,23.314
121.36,100,50,43.353,23.314
122.36,100,50,43.842,24.291
123.35,100,50,43.842,23.314
124.35,100,50,43.842,23.803
125.35,100,50,44.819,23.314
126.34,100,50,44.819,25.269
127.34,100,50,45.308,24.78
128.33,100,50,45.308,24.78
129.32,100,50,45.797,25.269
130.32,100,50,45.797,25.269
131.31,100,50,46.285,25.758
132.31,100,50,45.797,25.758
133.3,100,50,46.285,25.758
134.3,100,50,46.774,27.224
135.29,100,50,47.263,27.713
136.29,100,50,46.774,26.735
137.29,100,50,47.263,28.201
138.28,100,50,47.752,28.201
139.28,100,50,48.24,27.713
140.28,100,50,48.729,27.713
141.28,100,50,48.24,27.713
142.28,100,50,48.729,28.201
143.28,100,50,49.218,28.201
144.28,100,50,49.218,28.69
145.28,100,50,50.196,29.668
146.27,100,50,49.707,29.179
147.26,100,50,50.196,29.179
148.26,100,50,50.196,29.668
149.25,100,50,50.684,30.645
150.25,100,50,50.684,30.156
151.24,100,50,51.173,31.623
152.24,100,50,51.662,30.645
153.24,100,50,51.662,32.111
154.23,100,50,51.662,31.134
155.23,100,50,52.151,31.134
156.22,100,50,52.151,31.623
157.21,100,50,52.639,31.623
158.21,100,50,52.639,31.134
159.2,100,50,52.639,32.111
160.2,100,50,53.128,33.578
161.2,100,50,53.128,32.6
162.19,100,50,53.617,33.089
163.19,100,50,53.617,33.089
164.19,100,50,53.617,33.089
165.18,100,50,54.106,34.555
166.18,100,50,54.106,33.578
167.17,100,50,54.106,35.044
168.17,100,50,55.083,35.533
169.17,100,50,54.594,34.066
170.17,100,50,54.594,36.022
171.17,100,50,55.572,36.022
172.17,100,50,55.083,35.044
173.17,100,50,55.572,35.533
174.18,100,50,56.061,37.488
175.17,100,50,56.061,36.022
176.16,100,50,55.572,36.022
177.16,100,50,56.061,36.51
178.16,100,50,56.061,36.51
179.15,100,50,56.549,37.977
180.15,100,50,57.038,36.999
181.15,100,50,57.527,38.465
182.14,100,50,57.038,37.977
183.14,100,50,57.038,37.488
184.13,100,50,58.016,37.977
185.13,100,50,58.016,39.443
186.12,100,50,58.504,38.465
187.11,100,50,58.504,39.443
188.1,100,50,58.504,38.954
189.09,100,50,58.504,38.954
190.09,100,50,58.504,39.443
191.08,100,50,58.993,40.42
192.08,100,50,58.993,39.443
193.07,100,50,59.482,41.398
194.07,100,50,59.482,39.932
195.08,100,50,59.482,40.42
196.07,100,50,59.482,41.398
197.07,100,50,59.971,40.909
198.06,100,50,59.971,40.909
199.06,5,50,59.971,40.909
200.05,5,50,59.971,40.909
201.05,5,50,59.971,42.375
202.04,5,50,60.459,41.398
203.04,5,50,60.459,41.887
204.03,5,50,60.459,43.353
205.03,5,50,60.459,42.375
206.02,5,50,60.948,42.375
207.02,5,50,60.948,42.375
208.01,5,50,60.948,42.864
209.01,5,50,60.948,43.353
210.01,5,50,60.948,44.33
211,5,50,61.437,43.353
212,5,50,60.948,44.819
212.99,5,50,60.948,43.353
213.98,5,50,60.948,43.842
214.98,5,50,60.948,44.819
215.98,5,50,60.948,45.308
216.97,5,50,60.459,45.308
217.97,5,50,60.459,44.33
218.97,5,50,60.948,44.33
219.97,5,50,60.459,45.797
220.97,5,50,60.459,44.819
221.96,5,50,60.459,44.819
222.96,5,50,60.459,46.285
223.95,5,50,59.971,45.308
224.95,5,50,59.971,45.308
225.95,5,50,59.971,45.308
226.94,5,50,59.971,45.797
227.93,5,50,59.482,45.797
228.92,5,50,59.482,46.285
229.91,5,50,59.482,45.797
230.91,5,50,59.482,45.797
231.91,5,50,58.993,47.263
232.9,5,50,58.993,47.752
233.89,5,50,58.504,46.285
234.89,5,50,58.993,46.774
235.89,5,50,58.504,48.24
236.88,5,50,58.016,46.774
237.88,5,50,58.016,46.774
238.87,5,50,58.016,48.24
239.87,5,50,58.016,48.24
240.86,5,50,57.527,47.263
241.85,5,50,57.527,47.263
242.84,5,50,57.038,48.729
243.84,5,50,57.038,47.263
244.84,5,50,56.549,47.263
245.84,5,50,56.061,47.263
246.83,5,50,56.549,47.752
247.83,5,50,55.572,48.729
248.83,5,50,55.572,47.263
249.83,5,50,55.083,47.752
250.82,5,50,55.083,47.752
251.82,5,50,55.083,47.752
252.82,5,50,55.083,47.752
253.81,5,50,54.594,47.752
254.8,5,50,54.594,49.707
255.79,5,50,54.106,48.24
256.78,5,50,54.106,49.218
257.78,5,50,53.617,48.24
258.77,5,50,53.617,49.218
259.77,5,50,53.128,48.24
260.76,5,50,53.128,48.24
261.75,5,50,53.128,48.24
262.75,5,50,52.639,49.707
263.74,5,50,52.151,48.24
264.74,5,50,52.151,48.24
265.74,5,50,52.151,48.24
266.74,5,50,51.662,48.24
267.73,5,50,51.662,49.707
268.73,5,50,51.662,48.24
269.72,5,50,51.173,49.707
270.72,5,50,51.173,48.24
271.72,5,50,50.684,48.24
272.73,5,50,50.684,48.24
273.72,5,50,50.196,49.707
274.72,5,50,50.196,48.24
275.71,5,50,50.196,49.218
276.71,5,50,50.196,48.24
277.7,5,50,49.218,48.24
278.7,5,50,49.707,48.24
279.7,5,50,49.218,49.707
280.69,5,50,49.218,48.24
281.69,5,50,49.218,48.24
282.69,5,50,48.729,48.729
283.69,5,50,48.24,48.24
284.68,5,50,48.24,48.24
285.68,5,50,48.24,48.729
286.67,5,50,48.729,48.24
287.66,5,50,48.24,49.707
288.66,5,50,47.752,49.707
289.66,5,50,47.263,48.24
290.66,5,50,47.263,48.24
291.65,5,50,46.774,48.24
292.64,5,50,46.285,49.707
293.64,5,50,46.285,48.24
294.63,5,50,46.285,49.218
295.62,5,50,45.797,48.24
296.61,5,50,45.797,49.707
297.61,5,50,45.797,48.24
298.61,5,80,45.797,48.24
299.6,5,80,45.797,49.707
300.6,5,80,44.819,49.218
301.59,5,80,44.819,47.752
302.58,5,80,44.819,47.752
303.58,5,80,44.819,49.218
304.58,5,80,44.33,48.24
305.57,5,80,43.842,47.752
306.57,5,80,43.842,48.24
307.56,5,80,43.842,47.752
308.56,5,80,44.33,49.218
309.55,5,80,43.842,47.752
310.55,5,80,43.842,48.24
311.55,5,80,43.353,47.752
312.54,5,80,42.864,47.752
313.54,5,80,42.864,49.218
314.53,5,80,42.864,49.218
315.53,5,80,42.864,47.752
316.52,5,80,42.375,47.752
317.51,5,80,42.375,48.729
318.51,5,80,41.887,49.218
319.51,5,80,41.887,49.218
320.5,5,80,41.887,47.752
321.5,5,80,41.887,48.729
322.49,5,80,41.398,47.752
323.49,5,80,41.398,47.752
324.48,5,80,41.398,47.752
325.48,5,80,40.909,48.729
326.48,5,80,40.42,47.752
327.48,5,80,40.909,48.729
328.47,5,80,40.909,48.729
329.46,5,80,40.42,49.218
330.46,5,80,40.42,48.729
331.46,5,80,39.932,47.263
332.45,5,80,39.932,48.729
333.44,5,80,39.932,48.729
334.44,5,80,39.932,47.752
335.43,5,80,39.932,47.752
336.42,5,80,39.443,47.752
337.42,5,80,39.443,48.24
338.42,5,80,38.954,48.729
339.42,5,80,39.443,48.729
340.42,5,80,38.954,47.752
341.42,5,80,38.954,47.752
342.42,5,80,38.954,47.752
343.42,5,80,38.954,49.218
344.41,5,80,38.465,48.729
345.41,5,80,38.954,47.752
346.4,5,80,37.977,47.263
347.4,5,80,38.465,48.729
348.4,5,80,37.977,48.729
349.4,5,80,37.488,47.752
350.39,5,80,37.488,47.752
351.39,5,80,37.488,47.752
352.39,5,80,37.488,47.263
353.38,5,80,36.999,47.752
354.38,5,80,36.999,47.752
355.38,5,80,36.51,48.729
356.37,5,80,36.999,47.752
357.37,5,80,37.488,47.752
358.36,5,80,36.51,47.263
359.35,5,80,36.999,47.752
360.35,5,80,36.51,48.729
361.35,5,80,36.51,48.729
362.34,5,80,36.51,48.729
363.34,5,80,36.022,47.752
364.34,5,80,36.022,47.752
365.33,5,80,36.022,47.752
366.32,5,80,36.022,49.218
367.32,5,80,36.022,47.752
368.32,5,80,35.044,47.752
369.32,5,80,35.533,47.752
370.31,5,80,36.022,47.752
371.3,5,80,35.044,47.752
372.3,5,80,35.533,47.752
373.3,5,80,35.044,47.752
374.3,5,80,35.044,49.218
375.3,5,80,35.044,49.218
376.3,5,80,35.044,48.729
377.3,5,80,35.044,47.752
378.29,5,80,35.044,49.218
379.29,5,80,34.555,47.752
380.29,5,80,34.555,49.218
381.28,5,80,34.555,47.752
382.28,5,80,34.555,47.752
383.27,5,80,34.555,49.218
384.26,5,80,34.555,47.752
385.27,5,80,34.555,49.707
386.27,5,80,34.066,49.218
387.27,5,80,34.066,49.218
388.27,5,80,34.066,49.218
389.27,5,80,33.578,47.752
390.26,5,80,34.066,49.218
391.26,5,80,33.578,47.752
392.26,5,80,33.578,47.752
393.25,5,80,33.578,49.218
394.25,5,80,33.578,47.752
395.24,5,80,33.089,49.218
396.24,5,80,33.578,47.752
397.24,5,80,33.578,49.218
398.24,70,80,33.089,47.752
399.24,70,80,33.089,49.218
400.25,70,80,33.089,49.218
401.24,70,80,32.6,49.218
402.24,70,80,33.089,49.218
403.23,70,80,33.089,48.729
404.23,70,80,33.089,47.752
405.23,70,80,32.6,47.752
406.23,70,80,33.089,49.218
407.23,70,80,32.6,47.752
408.24,70,80,32.6,47.752
409.24,70,80,33.089,49.218
410.24,70,80,32.6,48.24
411.24,70,80,33.089,49.218
412.23,70,80,33.089,47.752
413.24,70,80,32.6,48.24
414.23,70,80,32.6,49.218
415.23,70,80,33.089,48.729
416.22,70,80,33.089,49.218
417.22,70,80,33.089,47.752
418.22,70,80,32.6,47.752
419.22,70,80,33.089,49.218
420.22,70,80,33.089,49.218
421.21,70,80,33.089,49.218
422.2,70,80,33.089,49.218
423.21,70,80,33.089,47.752
424.2,70,80,33.089,47.752
425.2,70,80,33.578,47.752
426.2,70,80,33.578,47.752
427.2,70,80,34.066,49.707
428.19,70,80,34.066,48.24
429.19,70,80,33.578,49.707
430.18,70,80,34.555,49.707
431.18,70,80,34.555,49.707
432.17,70,80,34.555,48.729
433.17,70,80,35.044,48.24
434.17,70,80,34.555,49.707
435.17,70,80,34.555,49.707
436.17,70,80,35.044,47.752
437.16,70,80,34.555,49.707
438.16,70,80,35.044,49.218
439.15,70,80,35.044,48.24
440.15,70,80,35.533,49.707
441.14,70,80,36.022,49.218
442.14,70,80,36.022,49.707
443.14,70,80,35.533,48.729
444.14,70,80,36.022,48.24
445.13,70,80,36.51,49.707
446.12,70,80,36.022,48.24
447.12,70,80,36.51,49.707
448.12,70,80,36.51,48.729
449.12,70,80,36.51,48.24
450.11,70,80,36.999,48.729
451.1,70,80,36.51,48.729
452.09,70,80,36.999,49.218
453.09,70,80,37.488,49.218
454.08,70,80,37.488,49.707
455.07,70,80,37.488,49.218
456.07,70,80,38.465,49.218
457.07,70,80,37.977,50.684
458.06,70,80,37.977,50.684
459.06,70,80,38.465,50.684
460.05,70,80,38.465,49.218
461.05,70,80,38.954,48.729
462.04,70,80,38.465,50.684
463.04,70,80,38.954,50.684
464.04,70,80,38.954,49.707
465.03,70,80,39.443,50.684
466.02,70,80,38.954,50.684
467.02,70,80,39.443,49.707
468.01,70,80,39.932,49.707
469.02,70,80,39.932,49.707
470.01,70,80,39.932,50.684
471.01,70,80,39.932,50.684
472,70,80,40.42,51.662
472.99,70,80,40.42,50.196
473.99,70,80,40.909,51.662
474.98,70,80,41.398,50.684
475.98,70,80,41.398,50.196
476.97,70,80,41.398,50.196
477.97,70,80,41.398,51.662
478.97,70,80,41.887,51.662
479.96,70,80,41.398,50.684
480.96,70,80,42.375,51.662
481.96,70,80,42.375,52.151
482.95,70,80,42.375,51.173
483.95,70,80,42.375,50.684
484.95,70,80,42.864,52.639
485.94,70,80,42.864,52.639
486.94,70,80,42.864,51.173
487.94,70,80,42.864,50.684
488.94,70,80,43.353,51.173
489.93,70,80,43.353,52.151
490.93,70,80,43.353,51.173
491.92,70,80,43.353,51.173
492.92,70,80,43.842,51.173
493.92,70,80,43.842,52.151
494.91,70,80,43.842,51.173
495.9,70,80,43.842,52.639
496.9,70,80,43.842,51.173
497.9,70,10,44.33,51.173
498.91,70,10,44.819,51.662
499.9,70,10,44.33,51.662
500.89,70,10,44.819,51.662
501.88,70,10,44.819,52.151
502.87,70,10,45.308,52.151
503.87,70,10,45.797,52.151
504.87,70,10,45.308,51.662
505.87,70,10,45.308,52.151
506.87,70,10,45.308,52.151
507.87,70,10,45.797,52.639
508.87,70,10,45.797,52.151
509.86,70,10,45.797,52.151
510.86,70,10,45.797,52.639
511.85,70,10,45.797,52.151
512.84,70,10,46.774,52.151
513.83,70,10,47.263,52.151
514.83,70,10,46.774,52.639
515.84,70,10,47.263,52.639
516.83,70,10,47.263,53.128
517.82,70,10,47.263,52.639
518.82,70,10,47.263,53.617
519.82,70,10,47.263,52.639
520.81,70,10,47.263,54.106
521.81,70,10,47.752,52.151
522.8,70,10,47.752,52.151
523.8,70,10,47.752,51.662
524.8,70,10,47.263,52.151
525.79,70,10,47.752,52.639
526.79,70,10,47.752,52.151
527.79,70,10,48.24,51.662
528.78,70,10,47.752,52.151
529.77,70,10,48.24,52.151
530.76,70,10,48.729,52.151
531.76,70,10,48.729,52.151
532.76,70,10,48.729,52.151
533.76,70,10,48.729,52.151
534.75,70,10,48.729,51.662
535.74,70,10,49.218,51.662
536.74,70,10,49.218,51.662
537.74,70,10,49.218,51.662
538.74,70,10,49.218,52.151
539.74,70,10,49.707,51.662
540.73,70,10,49.707,51.662
541.73,70,10,49.218,51.662
542.72,70,10,49.707,51.662
543.72,70,10,49.707,51.173
544.71,70,10,50.196,51.173
545.71,70,10,50.196,51.173
546.7,70,10,49.707,51.173
547.7,70,10,50.196,51.173
548.7,70,10,50.196,53.128
549.7,70,10,50.684,51.173
550.69,70,10,50.684,51.662
551.69,70,10,51.173,51.173
552.69,70,10,50.684,51.173
553.68,70,10,50.684,51.173
554.68,70,10,51.173,51.173
555.67,70,10,51.173,50.684
556.66,70,10,51.173,50.684
557.66,70,10,51.173,50.684
558.65,70,10,51.662,50.684
559.65,70,10,51.173,51.173
560.65,70,10,51.662,50.684
561.65,70,10,51.662,50.196
562.66,70,10,51.662,50.684
563.65,70,10,51.662,51.662
564.65,70,10,51.662,50.196
565.65,70,10,52.151,50.684
566.64,70,10,52.151,50.196
567.64,70,10,52.151,50.196
568.63,70,10,52.639,49.707
569.63,70,10,52.151,50.684
570.62,70,10,52.151,50.196
571.61,70,10,51.662,50.196
572.6,70,10,52.151,49.707
573.6,70,10,52.151,50.196
574.6,70,10,53.128,49.707
575.6,70,10,52.639,49.707
576.6,70,10,52.151,49.707
577.59,70,10,52.151,50.196
578.58,70,10,52.151,49.218
579.58,70,10,52.639,49.218
580.58,70,10,52.639,49.707
581.58,70,10,53.128,49.707
582.57,70,10,53.128,49.218
583.57,70,10,53.128,49.218
584.57,70,10,53.128,49.218
585.56,70,10,53.128,49.218
586.56,70,10,52.639,49.218
587.55,70,10,53.128,49.218
588.55,70,10,53.128,49.218
589.54,70,10,53.128,49.218
590.54,70,10,53.617,49.218
591.54,70,10,53.128,49.218
592.53,70,10,53.617,49.218
593.53,70,10,53.128,49.218
594.52,70,10,53.128,49.218
595.51,70,10,53.617,48.729
596.51,70,10,53.617,48.729
597.52,70,10,53.617,49.218
